 AnyRefNode ConPlane01 =
{
  sRel={-3.133608539e-16, 0.3133608539, 6.267217077e-16};
  ARel={ {-1, 0, 1e-15}, {-1e-15, 2e-15, -1}, {-2e-30, -1, -2e-15} }*RotMat(pi,z);
  AnyDrawRefFrame drw_node =
  {
    RGB = {0.7921568627, 0.8196078431, 0.9333333333};
    Opacity = 1;
    ScaleXYZ = {0.03680855436, 0.03680855436, 0.03680855436};
    Visible = Off;
  };
};
AnyRefNode ConPlane02 =
{
  sRel={-0.2496359424, 0.3117752993, -0.1958650047};
  ARel={ {-0.9756068523, 0, 0.2195251005}, {-0.2195251005, 2.024294881e-15, -0.9756068523}, {-4.443835373e-16, -1, -1.974915957e-15} }*RotMat(pi,z);
  AnyDrawRefFrame drw_node =
  {
    RGB = {0.7921568627, 0.8196078431, 0.9333333333};
    Opacity = 1;
    ScaleXYZ = {0.03680855436, 0.03680855436, 0.03680855436};
    Visible = Off;
  };
};
AnyRefNode ConPlane03 =
{
  sRel={-0.2655625997, 0.3059213814, -0.1958305661};
  ARel={ {-0.885546578, 0, 0.464550598}, {-0.464550598, 1.989067061e-15, -0.885546578}, {-9.240222927e-16, -1, -1.761411529e-15} }*RotMat(pi,z);
  AnyDrawRefFrame drw_node =
  {
    RGB = {0.7921568627, 0.8196078431, 0.9333333333};
    Opacity = 1;
    ScaleXYZ = {0.03680855436, 0.03680855436, 0.03680855436};
    Visible = Off;
  };
};
AnyRefNode ConPlane04 =
{
  sRel={-0.279431464, 0.2961448088, -0.1957913254};
  ARel={ {-0.7351377679, 0, 0.67791774}, {-0.67791774, 2.03299444e-15, -0.7351377679}, {-1.378202996e-15, -1, -1.494530995e-15} }*RotMat(pi,z);
  AnyDrawRefFrame drw_node =
  {
    RGB = {0.7921568627, 0.8196078431, 0.9333333333};
    Opacity = 1;
    ScaleXYZ = {0.03680855436, 0.03680855436, 0.03680855436};
    Visible = Off;
  };
};
AnyRefNode ConPlane05 =
{
  sRel={-0.2902973949, 0.2831118386, -0.1947654312};
  ARel={ {-9.021479165e-16, 0.5346305338, 0.8450859082}, {5.707299311e-16, 0.8450859082, -0.5346305338}, {-1, 1.972152263e-31, -1.067522139e-15} }*RotMat(pi/2,z);
  AnyDrawRefFrame drw_node =
  {
    RGB = {0.7921568627, 0.8196078431, 0.9333333333};
    Opacity = 1;
    ScaleXYZ = {0.03680855436, 0.03680855436, 0.03680855436};
    Visible = Off;
  };
};
AnyRefNode ConPlane06 =
{
  sRel={-0.2974198973, 0.2677106462, -0.1959595002};
  ARel={ {-5.605180611e-16, 0.2976891123, 0.9546628684}, {1.747843449e-16, 0.9546628684, -0.2976891123}, {-1, -4.930380658e-32, -5.871371765e-16} }*RotMat(pi/2,z);
  AnyDrawRefFrame drw_node =
  {
    RGB = {0.7921568627, 0.8196078431, 0.9333333333};
    Opacity = 1;
    ScaleXYZ = {0.03680855436, 0.03680855436, 0.03680855436};
    Visible = Off;
  };
};
AnyRefNode ConPlane07 =
{
  sRel={-0.3006772517, 0.2510055237, -0.19463428};
  ARel={ {-2.326434882e-16, 0.1229503943, 0.9924128176}, {2.882228857e-17, 0.9924128176, -0.1229503943}, {-1, 0, -2.344220913e-16} }*RotMat(pi/2,z);
  AnyDrawRefFrame drw_node =
  {
    RGB = {0.7921568627, 0.8196078431, 0.9333333333};
    Opacity = 1;
    ScaleXYZ = {0.03680855436, 0.03680855436, 0.03680855436};
    Visible = Off;
  };
};
AnyRefNode ConPlane08 =
{
  sRel={-0.3017989228, 0.2334127054, -0.19440549};
  ARel={ {-0, 0.004080000716, 0.9999916768}, {0, 0.9999916768, -0.004080000716}, {-1, 0, -0} }*RotMat(pi/2,z);
  AnyDrawRefFrame drw_node =
  {
    RGB = {0.7921568627, 0.8196078431, 0.9333333333};
    Opacity = 1;
    ScaleXYZ = {0.03680855436, 0.03680855436, 0.03680855436};
    Visible = Off;
  };
};
AnyRefNode ConPlane09 =
{
  sRel={-0.2926883346, 0.1955009962, -0.2165};
  ARel={ {0.7704346523, -3.944304526e-31, 0.6375189774}, {-0.6375189774, 1.994289016e-15, 0.7704346523}, {-1.271397094e-15, -1, 1.536469364e-15} }*RotMat(pi,z);
  AnyDrawRefFrame drw_node =
  {
    RGB = {0.7921568627, 0.8196078431, 0.9333333333};
    Opacity = 1;
    ScaleXYZ = {0.03680855436, 0.03680855436, 0.03680855436};
    Visible = Off;
  };
};
AnyRefNode ConPlane10 =
{
  sRel={-0.2754450037, 0.1850095976, -0.2165};
  ARel={ {0.9203117756, -9.860761315e-32, 0.3911856793}, {-0.3911856793, 2.006104304e-15, 0.9203117756}, {-7.847592747e-16, -1, 1.846241414e-15} }*RotMat(pi,z);
  AnyDrawRefFrame drw_node =
  {
    RGB = {0.7921568627, 0.8196078431, 0.9333333333};
    Opacity = 1;
    ScaleXYZ = {0.03680855436, 0.03680855436, 0.03680855436};
    Visible = Off;
  };
};
AnyRefNode ConPlane11 =
{
  sRel={-0.2566942236, 0.1799657122, -0.216603008};
  ARel={ {0.9923672812, 0, 0.1233173925}, {-0.1233173925, 1.997789682e-15, 0.9923672812}, {-2.463622143e-16, -1, 1.982541115e-15} }*RotMat(pi,z);
  AnyDrawRefFrame drw_node =
  {
    RGB = {0.7921568627, 0.8196078431, 0.9333333333};
    Opacity = 1;
    ScaleXYZ = {0.03680855436, 0.03680855436, 0.03680855436};
    Visible = Off;
  };
};
AnyRefNode ConPlane12 =
{
  sRel={-0.2381293465, 0.1801397032, -0.2165};
  ARel={ {0.9898816948, -4.930380658e-32, -0.1418951381}, {0.1418951381, 2.002806119e-15, 0.9898816948}, {2.841884508e-16, -1, 1.982541115e-15} }*RotMat(pi,z);
  AnyDrawRefFrame drw_node =
  {
    RGB = {0.7921568627, 0.8196078431, 0.9333333333};
    Opacity = 1;
    ScaleXYZ = {0.03680855436, 0.03680855436, 0.03680855436};
    Visible = Off;
  };
};
AnyRefNode ConPlane13 =
{
  sRel={-0.2210744023, 0.1848429613, -0.2165};
  ARel={ {0.9226922938, -1.972152263e-31, -0.385537198}, {0.385537198, 2.000928615e-15, 0.9226922938}, {7.714324117e-16, -1, 1.846241414e-15} }*RotMat(pi,z);
  AnyDrawRefFrame drw_node =
  {
    RGB = {0.7921568627, 0.8196078431, 0.9333333333};
    Opacity = 1;
    ScaleXYZ = {0.03680855436, 0.03680855436, 0.03680855436};
    Visible = Off;
  };
};
AnyRefNode ConPlane14 =
{
  sRel={-0.206413774, 0.1931693142, -0.2165};
  ARel={ {0.8037443949, 0, -0.5949747454}, {0.5949747454, 2.004137965e-15, 0.8037443949}, {1.192411476e-15, -1, 1.610814656e-15} }*RotMat(pi,z);
  AnyDrawRefFrame drw_node =
  {
    RGB = {0.7921568627, 0.8196078431, 0.9333333333};
    Opacity = 1;
    ScaleXYZ = {0.03680855436, 0.03680855436, 0.03680855436};
    Visible = Off;
  };
};
AnyRefNode ConPlane15 =
{
  sRel={-0.194640543, 0.2041970624, -0.2165};
  ARel={ {9.834522953e-16, 0.6462051346, -0.7631637596}, {-8.327333614e-16, 0.7631637596, 0.6462051346}, {1, 0, 1.288651725e-15} }*RotMat(-pi/2,z);
  AnyDrawRefFrame drw_node =
  {
    RGB = {0.7921568627, 0.8196078431, 0.9333333333};
    Opacity = 1;
    ScaleXYZ = {0.03680855436, 0.03680855436, 0.03680855436};
    Visible = Off;
  };
};
AnyRefNode ConPlane16 =
{
  sRel={-0.1879156179, 0.233564319, -0.2100346819};
  ARel={ {6.31907241e-16, 0.2190106255, -0.9757224738}, {-1.418378728e-16, 0.9757224738, 0.2190106255}, {1, -7.395570986e-32, 6.476300977e-16} }*RotMat(-pi/2,z);
  AnyDrawRefFrame drw_node =
  {
    RGB = {0.7921568627, 0.8196078431, 0.9333333333};
    Opacity = 1;
    ScaleXYZ = {0.03680855436, 0.03680855436, 0.03680855436};
    Visible = Off;
  };
};
AnyRefNode ConPlane17 =
{
  sRel={-0.1861822622, 0.2463691832, -0.1983895102};
  ARel={ {1.38616047e-16, 0.04827910291, -0.9988338842}, {-6.700071457e-18, 0.9988338842, 0.04827910291}, {1, -1.540743956e-33, 1.387778781e-16} }*RotMat(-pi/2,z);
  AnyDrawRefFrame drw_node =
  {
    RGB = {0.7921568627, 0.8196078431, 0.9333333333};
    Opacity = 1;
    ScaleXYZ = {0.03680855436, 0.03680855436, 0.03680855436};
    Visible = Off;
  };
};
AnyRefNode ConPlane18 =
{
  sRel={-0.1866769693, 0.2593167419, -0.1956050575};
  ARel={ {-3.672017465e-16, -0.1243550141, -0.9922377893}, {-4.602059996e-17, 0.9922377893, -0.1243550141}, {1, -6.162975822e-33, -3.700743415e-16} }*RotMat(-pi/2,z);
  AnyDrawRefFrame drw_node =
  {
    RGB = {0.7921568627, 0.8196078431, 0.9333333333};
    Opacity = 1;
    ScaleXYZ = {0.03680855436, 0.03680855436, 0.03680855436};
    Visible = Off;
  };
};
AnyRefNode ConPlane19 =
{
  sRel={-0.09517063921, -0.02972115676, -7.354688034e-17};
  ARel={ {-7.041189054e-16, -0.2980952734, -0.9545361219}, {-2.198916445e-16, 0.9545361219, -0.2980952734}, {1, -7.395570986e-32, -7.376555892e-16} }*RotMat(-pi/2,z);
  AnyDrawRefFrame drw_node =
  {
    RGB = {0.7921568627, 0.8196078431, 0.9333333333};
    Opacity = 1;
    ScaleXYZ = {0.03680855436, 0.03680855436, 0.03680855436};
    Visible = Off;
  };
};
AnyRefNode ConPlane20 =
{
  sRel={-0.1950534376, 0.2855363955, -0.2096721808};
  ARel={ {-1.222010749e-15, -0.4739503956, -0.8805515445}, {-6.577383021e-16, 0.8805515445, -0.4739503956}, {1, 0, -1.387778781e-15} }*RotMat(-pi/2,z);
  AnyDrawRefFrame drw_node =
  {
    RGB = {0.7921568627, 0.8196078431, 0.9333333333};
    Opacity = 1;
    ScaleXYZ = {0.03680855436, 0.03680855436, 0.03680855436};
    Visible = Off;
  };
};
