 AnyRefNode ConPlane01 =
{
  sRel={-0.1591619125, 0.3272499961, 0.08859281169};
  ARel={ {-0.9500168221, -6.938893904e-18, 0.312198715}, {0.03362397161, 0.9941833798, 0.1023173291}, {-0.3103827736, 0.1077005445, -0.9444909351} };
  AnyDrawRefFrame drw_node =
  {
    RGB = {0.7921568627, 0.8196078431, 0.9333333333};
    Opacity = 1;
    ScaleXYZ = {0.04564595144, 0.04564595144, 0.04564595144};
    Visible = Off;
  };
};
AnyRefNode ConPlane02 =
{
  sRel={-0.1351639508, 0.3272499981, 0.09322111963};
  ARel={ {-0.9981106404, -1.734723476e-18, 0.06144224574}, {0.00629850662, 0.9947318699, 0.1023173291}, {-0.06111856, 0.1025110092, -0.9928524637} };
  AnyDrawRefFrame drw_node =
  {
    RGB = {0.7921568627, 0.8196078431, 0.9333333333};
    Opacity = 1;
    ScaleXYZ = {0.04564595144, 0.04564595144, 0.04564595144};
    Visible = Off;
  };
};
AnyRefNode ConPlane03 =
{
  sRel={-0.1108429387, 0.3272499995, 0.09159976006};
  ARel={ {-0.9812597213, 0, -0.192689801}, {-0.02009203613, 0.9945488798, 0.1023173291}, {0.1916394257, 0.1042714042, -0.9759107566} };
  AnyDrawRefFrame drw_node =
  {
    RGB = {0.7921568627, 0.8196078431, 0.9333333333};
    Opacity = 1;
    ScaleXYZ = {0.04564595144, 0.04564595144, 0.04564595144};
    Visible = Off;
  };
};
AnyRefNode ConPlane04 =
{
  sRel={-0.08776049779, 0.32725, 0.08387001656};
  ARel={ {-0.9009707041, -6.938893904e-18, -0.4338799261}, {-0.0492728953, 0.9935307474, 0.1023173291}, {0.4310730473, 0.1135634362, -0.895142097} };
  AnyDrawRefFrame drw_node =
  {
    RGB = {0.7921568627, 0.8196078431, 0.9333333333};
    Opacity = 1;
    ScaleXYZ = {0.04564595144, 0.04564595144, 0.04564595144};
    Visible = Off;
  };
};
AnyRefNode ConPlane05 =
{
  sRel={-0.0674905489, 0.3266625491, 0.07042329221};
  ARel={ {-0.7590642341, -1.387778781e-17, -0.651015736}, {-0.08775303629, 0.9908736392, 0.1023173291}, {0.6450743315, 0.1347940325, -0.75213674} };
  AnyDrawRefFrame drw_node =
  {
    RGB = {0.7921568627, 0.8196078431, 0.9333333333};
    Opacity = 1;
    ScaleXYZ = {0.04564595144, 0.04564595144, 0.04564595144};
    Visible = Off;
  };
};
AnyRefNode ConPlane06 =
{
  sRel={-0.0513406589, 0.3266625491, 0.05224730112};
  ARel={ {-0.5537551622, 0.1232988196, -0.8235002255}, {0.06880234806, 0.992369589, 0.1023173291}, {0.8298321862, 9.020562075e-17, -0.558013031} };
  AnyDrawRefFrame drw_node =
  {
    RGB = {0.7921568627, 0.8196078431, 0.9333333333};
    Opacity = 1;
    ScaleXYZ = {0.04564595144, 0.04564595144, 0.04564595144};
    Visible = Off;
  };
};
AnyRefNode ConPlane07 =
{
  sRel={-0.04044535573, 0.3266625491, 0.03051074279};
  ARel={ {-0.3239477011, 0.1082244965, -0.9398645356}, {0.03526621366, 0.9941264801, 0.1023173291}, {0.945417464, 0, -0.325861656} };
  AnyDrawRefFrame drw_node =
  {
    RGB = {0.7921568627, 0.8196078431, 0.9333333333};
    Opacity = 1;
    ScaleXYZ = {0.04564595144, 0.04564595144, 0.04564595144};
    Visible = Off;
  };
};
AnyRefNode ConPlane08 =
{
  sRel={-0.03554713627, 0.3266625491, 0.00669492777};
  ARel={ {-0.07112615096, 0.1025798967, -0.9921786308}, {0.007334806019, 0.9947247684, 0.1023173291}, {0.9974403598, 1.734723476e-18, -0.07150334768} };
  AnyDrawRefFrame drw_node =
  {
    RGB = {0.7921568627, 0.8196078431, 0.9333333333};
    Opacity = 1;
    ScaleXYZ = {0.04564595144, 0.04564595144, 0.04564595144};
    Visible = Off;
  };
};
AnyRefNode ConPlane09 =
{
  sRel={-0.09732560152, 0.3259, -0.08975819894};
  ARel={ {0.9448231467, 0, -0.3275808625}, {-6.584275397e-16, 1, -1.8990657e-15}, {0.3275808625, 2.009969492e-15, 0.9448231467} };
  AnyDrawRefFrame drw_node =
  {
    RGB = {0.7921568627, 0.8196078431, 0.9333333333};
    Opacity = 1;
    ScaleXYZ = {0.04564595144, 0.04564595144, 0.04564595144};
    Visible = Off;
  };
};
AnyRefNode ConPlane10 =
{
  sRel={-0.1216171273, 0.3259, -0.09475425825};
  ARel={ {0.9974132447, -2.465190329e-31, -0.07188059065}, {-1.473876789e-16, 1, -2.045147677e-15}, {0.07188059065, 2.050451694e-15, 0.9974132447} };
  AnyDrawRefFrame drw_node =
  {
    RGB = {0.7921568627, 0.8196078431, 0.9333333333};
    Opacity = 1;
    ScaleXYZ = {0.04564595144, 0.04564595144, 0.04564595144};
    Visible = Off;
  };
};
AnyRefNode ConPlane11 =
{
  sRel={-0.1463740148, 0.3259, -0.09329297144};
  ARel={ {0.9820312784, 1.479114197e-31, 0.1887182246}, {3.64945919e-16, 1, -1.8990657e-15}, {-0.1887182246, 1.933813863e-15, 0.9820312784} };
  AnyDrawRefFrame drw_node =
  {
    RGB = {0.7921568627, 0.8196078431, 0.9333333333};
    Opacity = 1;
    ScaleXYZ = {0.04564595144, 0.04564595144, 0.04564595144};
    Visible = Off;
  };
};
AnyRefNode ConPlane12 =
{
  sRel={-0.1699091229, 0.3259, -0.08547392281};
  ARel={ {0.8997255033, 1.972152263e-31, 0.4364562048}, {8.503711633e-16, 1, -1.752983723e-15}, {-0.4364562048, 1.948353933e-15, 0.8997255033} };
  AnyDrawRefFrame drw_node =
  {
    RGB = {0.7921568627, 0.8196078431, 0.9333333333};
    Opacity = 1;
    ScaleXYZ = {0.04564595144, 0.04564595144, 0.04564595144};
    Visible = Off;
  };
};
AnyRefNode ConPlane13 =
{
  sRel={-0.212253872, 0.3145873398, -0.05678930495};
  ARel={ {0.5304785772, 1.142702472e-15, 0.8476983421}, {-6.061791815e-16, 1, -9.686669909e-16}, {-0.8476983421, 0, 0.5304785772} };
  AnyDrawRefFrame drw_node =
  {
    RGB = {0.7921568627, 0.8196078431, 0.9333333333};
    Opacity = 1;
    ScaleXYZ = {0.04564595144, 0.04564595144, 0.04564595144};
    Visible = Off;
  };
};
AnyRefNode ConPlane14 =
{
  sRel={-0.2229830519, 0.3145873398, -0.03277714309};
  ARel={ {0.2852362184, 5.434236983e-16, 0.9584572498}, {-1.550041207e-16, 1, -5.208483833e-16}, {-0.9584572498, 2.465190329e-32, 0.2852362184} };
  AnyDrawRefFrame drw_node =
  {
    RGB = {0.7921568627, 0.8196078431, 0.9333333333};
    Opacity = 1;
    ScaleXYZ = {0.04564595144, 0.04564595144, 0.04564595144};
    Visible = Off;
  };
};
AnyRefNode ConPlane15 =
{
  sRel={-0.2273988637, 0.3145873398, -0.007131253848};
  ARel={ {0.05445852291, 1.020801573e-16, 0.9985160336}, {-5.559134587e-18, 1, -1.019286738e-16}, {-0.9985160336, 7.703719778e-34, 0.05445852291} };
  AnyDrawRefFrame drw_node =
  {
    RGB = {0.7921568627, 0.8196078431, 0.9333333333};
    Opacity = 1;
    ScaleXYZ = {0.04564595144, 0.04564595144, 0.04564595144};
    Visible = Off;
  };
};
AnyRefNode ConPlane16 =
{
  sRel={-0.225852245, 0.3145873398, 0.01871872683};
  ARel={ {-0.172624952, -3.200217134e-16, 0.9849876273}, {-5.524373293e-17, 1, 3.152174282e-16}, {-0.9849876273, 0, -0.172624952} };
  AnyDrawRefFrame drw_node =
  {
    RGB = {0.7921568627, 0.8196078431, 0.9333333333};
    Opacity = 1;
    ScaleXYZ = {0.04564595144, 0.04564595144, 0.04564595144};
    Visible = Off;
  };
};
AnyRefNode ConPlane17 =
{
  sRel={-0.2184952989, 0.3145873398, 0.04368295874};
  ARel={ {-0.3889242541, -7.708766195e-16, 0.921269735}, {-2.998126143e-16, 1, 7.101852989e-16}, {-0.921269735, 1.972152263e-31, -0.3889242541} };
  AnyDrawRefFrame drw_node =
  {
    RGB = {0.7921568627, 0.8196078431, 0.9333333333};
    Opacity = 1;
    ScaleXYZ = {0.04564595144, 0.04564595144, 0.04564595144};
    Visible = Off;
  };
};
AnyRefNode ConPlane18 =
{
  sRel={-0.02245799006, -2.537588063e-17, 0.01181414407};
  ARel={ {0.4655658751, -1.129926612e-15, -0.8850132293}, {5.260552721e-16, 1, -1e-15}, {0.8850132293, 9.860761315e-32, 0.4655658751} };
  AnyDrawRefFrame drw_node =
  {
    RGB = {0.7921568627, 0.8196078431, 0.9333333333};
    Opacity = 1;
    ScaleXYZ = {0.04564595144, 0.04564595144, 0.04564595144};
    Visible = Off;
  };
};
AnyRefNode ConPlane19 =
{
  sRel={-0.02430249228, 0, 0.0106987691};
  ARel={ {0.4029175838, 0, -0.9152362649}, {0, 1, 0}, {0.9152362649, -0, 0.4029175838} };
  AnyDrawRefFrame drw_node =
  {
    RGB = {0.7921568627, 0.8196078431, 0.9333333333};
    Opacity = 1;
    ScaleXYZ = {0.04564595144, 0.04564595144, 0.04564595144};
    Visible = Off;
  };
};
