 AnyRefNode ConPlane01 =
{
  sRel={0, 0.3133608539, 9.400825616e-16};
  ARel={ {-1, 0, -0}, {0, 3e-15, -1}, {0, -1, -3e-15} }*RotMat(pi,z);
  AnyDrawRefFrame drw_node =
  {
    RGB = {0.7921568627, 0.8196078431, 0.9333333333};
    Opacity = 1;
    ScaleXYZ = {0.03700581619, 0.03700581619, 0.03700581619};
    Visible = Off;
  };
};
AnyRefNode ConPlane02 =
{
  sRel={-0.4353606098, 0.3117752993, -0.1958650045};
  ARel={ {-0.9756068523, 8.874685184e-31, -0.2195251005}, {0.2195251005, 2.024294881e-15, -0.9756068523}, {4.443835373e-16, -1, -1.974915957e-15} }*RotMat(pi,z);
  AnyDrawRefFrame drw_node =
  {
    RGB = {0.7921568627, 0.8196078431, 0.9333333333};
    Opacity = 1;
    ScaleXYZ = {0.03700581619, 0.03700581619, 0.03700581619};
    Visible = Off;
  };
};
AnyRefNode ConPlane03 =
{
  sRel={-0.4194339525, 0.3059213814, -0.1958305661};
  ARel={ {-0.885546578, 4.930380658e-31, -0.464550598}, {0.464550598, 1.989067061e-15, -0.885546578}, {9.240222927e-16, -1, -1.761411529e-15} }*RotMat(pi,z);
  AnyDrawRefFrame drw_node =
  {
    RGB = {0.7921568627, 0.8196078431, 0.9333333333};
    Opacity = 1;
    ScaleXYZ = {0.03700581619, 0.03700581619, 0.03700581619};
    Visible = Off;
  };
};
AnyRefNode ConPlane04 =
{
  sRel={-0.4055650883, 0.2961448088, -0.1957913253};
  ARel={ {-0.7351377679, -1.972152263e-31, -0.67791774}, {0.67791774, 2.03299444e-15, -0.7351377679}, {1.378202996e-15, -1, -1.494530995e-15} }*RotMat(pi,z);
  AnyDrawRefFrame drw_node =
  {
    RGB = {0.7921568627, 0.8196078431, 0.9333333333};
    Opacity = 1;
    ScaleXYZ = {0.03700581619, 0.03700581619, 0.03700581619};
    Visible = Off;
  };
};
AnyRefNode ConPlane05 =
{
  sRel={-0.3946991573, 0.2831118386, -0.1947654316};
  ARel={ {-9.021479165e-16, -0.5346305338, -0.8450859082}, {-5.707299311e-16, 0.8450859082, -0.5346305338}, {1, 9.860761315e-32, -1.067522139e-15} }*RotMat(-pi/2,z);
  AnyDrawRefFrame drw_node =
  {
    RGB = {0.7921568627, 0.8196078431, 0.9333333333};
    Opacity = 1;
    ScaleXYZ = {0.03700581619, 0.03700581619, 0.03700581619};
    Visible = Off;
  };
};
AnyRefNode ConPlane06 =
{
  sRel={-0.3875766549, 0.2677106462, -0.1959595008};
  ARel={ {-5.605180611e-16, -0.2976891123, -0.9546628684}, {-1.747843449e-16, 0.9546628684, -0.2976891123}, {1, 2.465190329e-32, -5.871371765e-16} }*RotMat(-pi/2,z);
  AnyDrawRefFrame drw_node =
  {
    RGB = {0.7921568627, 0.8196078431, 0.9333333333};
    Opacity = 1;
    ScaleXYZ = {0.03700581619, 0.03700581619, 0.03700581619};
    Visible = Off;
  };
};
AnyRefNode ConPlane07 =
{
  sRel={-0.3843193006, 0.2510055237, -0.1946342528};
  ARel={ {-2.326434882e-16, -0.1229503945, -0.9924128176}, {-2.88222886e-17, 0.9924128176, -0.1229503945}, {1, 0, -2.344220913e-16} }*RotMat(-pi/2,z);
  AnyDrawRefFrame drw_node =
  {
    RGB = {0.7921568627, 0.8196078431, 0.9333333333};
    Opacity = 1;
    ScaleXYZ = {0.03700581619, 0.03700581619, 0.03700581619};
    Visible = Off;
  };
};
AnyRefNode ConPlane08 =
{
  sRel={-0.3831976294, 0.2334127056, -0.1944054671};
  ARel={ {0, -0.004080001933, -0.9999916768}, {0, 0.9999916768, -0.004080001933}, {1, 0, 0} }*RotMat(-pi/2,z);
  AnyDrawRefFrame drw_node =
  {
    RGB = {0.7921568627, 0.8196078431, 0.9333333333};
    Opacity = 1;
    ScaleXYZ = {0.03700581619, 0.03700581619, 0.03700581619};
    Visible = Off;
  };
};
AnyRefNode ConPlane09 =
{
  sRel={-0.3923082177, 0.1955009962, -0.2165};
  ARel={ {0.7704346523, -3.944304526e-31, -0.6375189774}, {0.6375189774, 1.994289016e-15, 0.7704346523}, {1.271397094e-15, -1, 1.536469364e-15} }*RotMat(pi,z);
  AnyDrawRefFrame drw_node =
  {
    RGB = {0.7921568627, 0.8196078431, 0.9333333333};
    Opacity = 1;
    ScaleXYZ = {0.03700581619, 0.03700581619, 0.03700581619};
    Visible = Off;
  };
};
AnyRefNode ConPlane10 =
{
  sRel={-0.4095515485, 0.1850095976, -0.2165};
  ARel={ {0.9203117756, -2.958228395e-31, -0.3911856793}, {0.3911856793, 2.006104304e-15, 0.9203117756}, {7.847592747e-16, -1, 1.846241414e-15} }*RotMat(pi,z);
  AnyDrawRefFrame drw_node =
  {
    RGB = {0.7921568627, 0.8196078431, 0.9333333333};
    Opacity = 1;
    ScaleXYZ = {0.03700581619, 0.03700581619, 0.03700581619};
    Visible = Off;
  };
};
AnyRefNode ConPlane11 =
{
  sRel={-0.4283023286, 0.1799657122, -0.216603008};
  ARel={ {0.9923672812, -4.930380658e-32, -0.1233173925}, {0.1233173925, 1.997789682e-15, 0.9923672812}, {2.463622143e-16, -1, 1.982541115e-15} }*RotMat(pi,z);
  AnyDrawRefFrame drw_node =
  {
    RGB = {0.7921568627, 0.8196078431, 0.9333333333};
    Opacity = 1;
    ScaleXYZ = {0.03700581619, 0.03700581619, 0.03700581619};
    Visible = Off;
  };
};
AnyRefNode ConPlane12 =
{
  sRel={-0.4468672058, 0.1801397032, -0.2165};
  ARel={ {0.9898816948, 4.930380658e-32, 0.1418951381}, {-0.1418951381, 2.002806119e-15, 0.9898816948}, {-2.841884508e-16, -1, 1.982541115e-15} }*RotMat(pi,z);
  AnyDrawRefFrame drw_node =
  {
    RGB = {0.7921568627, 0.8196078431, 0.9333333333};
    Opacity = 1;
    ScaleXYZ = {0.03700581619, 0.03700581619, 0.03700581619};
    Visible = Off;
  };
};
AnyRefNode ConPlane13 =
{
  sRel={-0.4639221499, 0.1848429613, -0.2165};
  ARel={ {0.9226922938, 0, 0.385537198}, {-0.385537198, 2.000928615e-15, 0.9226922938}, {-7.714324117e-16, -1, 1.846241414e-15} }*RotMat(pi,z);
  AnyDrawRefFrame drw_node =
  {
    RGB = {0.7921568627, 0.8196078431, 0.9333333333};
    Opacity = 1;
    ScaleXYZ = {0.03700581619, 0.03700581619, 0.03700581619};
    Visible = Off;
  };
};
AnyRefNode ConPlane14 =
{
  sRel={-0.4785827783, 0.1931693142, -0.2165};
  ARel={ {0.8037443949, 1.972152263e-31, 0.5949747454}, {-0.5949747454, 2.004137965e-15, 0.8037443949}, {-1.192411476e-15, -1, 1.610814656e-15} }*RotMat(pi,z);
  AnyDrawRefFrame drw_node =
  {
    RGB = {0.7921568627, 0.8196078431, 0.9333333333};
    Opacity = 1;
    ScaleXYZ = {0.03700581619, 0.03700581619, 0.03700581619};
    Visible = Off;
  };
};
AnyRefNode ConPlane15 =
{
  sRel={-0.4903560093, 0.2041970624, -0.2165};
  ARel={ {9.834522953e-16, -0.6462051346, 0.7631637596}, {8.327333614e-16, 0.7631637596, 0.6462051346}, {-1, -1.972152263e-31, 1.288651725e-15} }*RotMat(pi/2,z);
  AnyDrawRefFrame drw_node =
  {
    RGB = {0.7921568627, 0.8196078431, 0.9333333333};
    Opacity = 1;
    ScaleXYZ = {0.03700581619, 0.03700581619, 0.03700581619};
    Visible = Off;
  };
};
AnyRefNode ConPlane16 =
{
  sRel={-0.4970809343, 0.233564319, -0.2100346811};
  ARel={ {1.80544926e-16, -0.2190106254, 0.9757224738}, {4.05251065e-17, 0.9757224738, 0.2190106254}, {-1, -1.848892747e-32, 1.850371708e-16} }*RotMat(pi/2,z);
  AnyDrawRefFrame drw_node =
  {
    RGB = {0.7921568627, 0.8196078431, 0.9333333333};
    Opacity = 1;
    ScaleXYZ = {0.03700581619, 0.03700581619, 0.03700581619};
    Visible = Off;
  };
};
AnyRefNode ConPlane17 =
{
  sRel={-0.4988142901, 0.2463691832, -0.1983895098};
  ARel={ {4.6205349e-17, -0.0482791029, 0.9988338842}, {2.233357152e-18, 0.9988338842, 0.0482791029}, {-1, -3.851859889e-34, 4.625929269e-17} }*RotMat(pi/2,z);
  AnyDrawRefFrame drw_node =
  {
    RGB = {0.7921568627, 0.8196078431, 0.9333333333};
    Opacity = 1;
    ScaleXYZ = {0.03700581619, 0.03700581619, 0.03700581619};
    Visible = Off;
  };
};
AnyRefNode ConPlane18 =
{
  sRel={-0.498319583, 0.2593167419, -0.1956050566};
  ARel={ {-1.37700655e-16, 0.1243550137, 0.9922377893}, {1.725772493e-17, 0.9922377893, -0.1243550137}, {-1, -9.244463733e-33, -1.387778781e-16} }*RotMat(pi/2,z);
  AnyDrawRefFrame drw_node =
  {
    RGB = {0.7921568627, 0.8196078431, 0.9333333333};
    Opacity = 1;
    ScaleXYZ = {0.03700581619, 0.03700581619, 0.03700581619};
    Visible = Off;
  };
};
AnyRefNode ConPlane19 =
{
  sRel={-0.4954724673, 0.2724095774, -0.1977636772};
  ARel={ {-2.648648652e-16, 0.2989261536, 0.9542762465}, {8.29686746e-17, 0.9542762465, -0.2989261536}, {-1, -1.232595164e-32, -2.775557562e-16} }*RotMat(pi/2,z);
  AnyDrawRefFrame drw_node =
  {
    RGB = {0.7921568627, 0.8196078431, 0.9333333333};
    Opacity = 1;
    ScaleXYZ = {0.03700581619, 0.03700581619, 0.03700581619};
    Visible = Off;
  };
};
AnyRefNode ConPlane20 =
{
  sRel={-0.4899431146, 0.2855363956, -0.2096721843};
  ARel={ {-4.073369161e-16, 0.4739503963, 0.8805515441}, {2.19246101e-16, 0.8805515441, -0.4739503963}, {-1, -9.860761315e-32, -4.625929269e-16} }*RotMat(pi/2,z);
  AnyDrawRefFrame drw_node =
  {
    RGB = {0.7921568627, 0.8196078431, 0.9333333333};
    Opacity = 1;
    ScaleXYZ = {0.03700581619, 0.03700581619, 0.03700581619};
    Visible = Off;
  };
};