 AnyRefNode ConPlane01 =
{
  sRel={-0.5503541051, 0.3294536656, 0.2172499961};
  ARel={ {-0.9500168221, -6.938893904e-18, 0.312198715}, {-0.3103827737, -0.1077005445, -0.9444909351}, {0.03362397161, -0.9941833798, 0.1023173291} }*RotMat(pi,z);
  AnyDrawRefFrame drw_node =
  {
    RGB = {0.7921568627, 0.8196078431, 0.9333333333};
    Opacity = 1;
    ScaleXYZ = {0.04564595144, 0.04564595144, 0.04564595144};
    Visible = Off;
  };
};
AnyRefNode ConPlane02 =
{
  sRel={-0.5263561434, 0.3340819735, 0.2172499981};
  ARel={ {-0.9981106404, 7.806255642e-18, 0.06144224575}, {-0.06111856, -0.1025110092, -0.9928524637}, {0.006298506621, -0.9947318699, 0.1023173291} }*RotMat(pi,z);
  AnyDrawRefFrame drw_node =
  {
    RGB = {0.7921568627, 0.8196078431, 0.9333333333};
    Opacity = 1;
    ScaleXYZ = {0.04564595144, 0.04564595144, 0.04564595144};
    Visible = Off;
  };
};
AnyRefNode ConPlane03 =
{
  sRel={-0.5020351313, 0.3324606139, 0.2172499995};
  ARel={ {-0.9812597213, 0, -0.192689801}, {0.1916394257, -0.1042714042, -0.9759107566}, {-0.02009203613, -0.9945488798, 0.1023173291} }*RotMat(pi,z);
  AnyDrawRefFrame drw_node =
  {
    RGB = {0.7921568627, 0.8196078431, 0.9333333333};
    Opacity = 1;
    ScaleXYZ = {0.04564595144, 0.04564595144, 0.04564595144};
    Visible = Off;
  };
};
AnyRefNode ConPlane04 =
{
  sRel={-0.4789526904, 0.3247308704, 0.21725};
  ARel={ {-0.9009707041, 2.081668171e-17, -0.4338799261}, {0.4310730473, -0.1135634362, -0.895142097}, {-0.0492728953, -0.9935307474, 0.1023173291} }*RotMat(pi,z);
  AnyDrawRefFrame drw_node =
  {
    RGB = {0.7921568627, 0.8196078431, 0.9333333333};
    Opacity = 1;
    ScaleXYZ = {0.04564595144, 0.04564595144, 0.04564595144};
    Visible = Off;
  };
};
AnyRefNode ConPlane05 =
{
  sRel={-0.4586827415, 0.3112841461, 0.2166625491};
  ARel={ {-0.7590642341, -5.551115123e-17, -0.651015736}, {0.6450743315, -0.1347940325, -0.75213674}, {-0.08775303629, -0.9908736392, 0.1023173291} }*RotMat(pi,z);
  AnyDrawRefFrame drw_node =
  {
    RGB = {0.7921568627, 0.8196078431, 0.9333333333};
    Opacity = 1;
    ScaleXYZ = {0.04564595144, 0.04564595144, 0.04564595144};
    Visible = Off;
  };
};
AnyRefNode ConPlane06 =
{
  sRel={-0.4425328515, 0.293108155, 0.2166625491};
  ARel={ {0.08470288034, -0.5609570399, -0.8235002255}, {0.05739562604, 0.8278449126, -0.558013031}, {0.9947518103, 2.775557562e-17, 0.1023173291} }*RotMat(-pi/2,z);
  AnyDrawRefFrame drw_node =
  {
    RGB = {0.7921568627, 0.8196078431, 0.9333333333};
    Opacity = 1;
    ScaleXYZ = {0.04564595144, 0.04564595144, 0.04564595144};
    Visible = Off;
  };
};
AnyRefNode ConPlane07 =
{
  sRel={-0.4316375483, 0.2713715967, 0.2166625491};
  ARel={ {0.09667178081, -0.3275808625, -0.9398645356}, {0.0335171989, 0.9448231467, -0.325861656}, {0.9947518103, -2.081668171e-17, 0.1023173291} }*RotMat(-pi/2,z);
  AnyDrawRefFrame drw_node =
  {
    RGB = {0.7921568627, 0.8196078431, 0.9333333333};
    Opacity = 1;
    ScaleXYZ = {0.04564595144, 0.04564595144, 0.04564595144};
    Visible = Off;
  };
};
AnyRefNode ConPlane08 =
{
  sRel={-0.4267393289, 0.2475557816, 0.2166625491};
  ARel={ {0.1020526592, -0.07188059065, -0.9921786308}, {0.007354630047, 0.9974132447, -0.07150334768}, {0.9947518103, -7.806255642e-18, 0.1023173291} }*RotMat(-pi/2,z);
  AnyDrawRefFrame drw_node =
  {
    RGB = {0.7921568627, 0.8196078431, 0.9333333333};
    Opacity = 1;
    ScaleXYZ = {0.04564595144, 0.04564595144, 0.04564595144};
    Visible = Off;
  };
};
AnyRefNode ConPlane09 =
{
  sRel={-0.4885177941, 0.1511026549, 0.2159};
  ARel={ {0.9448231467, 3.944304526e-31, -0.3275808625}, {0.3275808625, -6.029908475e-15, 0.9448231467}, {-1.975282619e-15, -1, -5.6971971e-15} }*RotMat(pi,z);
  AnyDrawRefFrame drw_node =
  {
    RGB = {0.7921568627, 0.8196078431, 0.9333333333};
    Opacity = 1;
    ScaleXYZ = {0.04564595144, 0.04564595144, 0.04564595144};
    Visible = Off;
  };
};
AnyRefNode ConPlane10 =
{
  sRel={-0.5128093199, 0.1461065956, 0.2159};
  ARel={ {0.9974132447, 6.902532921e-31, -0.07188059065}, {0.07188059065, -6.004894246e-15, 0.9974132447}, {-4.316353452e-16, -1, -5.989361054e-15} }*RotMat(pi,z);
  AnyDrawRefFrame drw_node =
  {
    RGB = {0.7921568627, 0.8196078431, 0.9333333333};
    Opacity = 1;
    ScaleXYZ = {0.04564595144, 0.04564595144, 0.04564595144};
    Visible = Off;
  };
};
AnyRefNode ConPlane11 =
{
  sRel={-0.5375662074, 0.1475678824, 0.2159};
  ARel={ {0.9820312784, 0, 0.1887182246}, {-0.1887182246, -5.950196502e-15, 0.9820312784}, {1.12291052e-15, -1, -5.843279077e-15} }*RotMat(pi,z);
  AnyDrawRefFrame drw_node =
  {
    RGB = {0.7921568627, 0.8196078431, 0.9333333333};
    Opacity = 1;
    ScaleXYZ = {0.04564595144, 0.04564595144, 0.04564595144};
    Visible = Off;
  };
};
AnyRefNode ConPlane12 =
{
  sRel={-0.5611013155, 0.1553869311, 0.2159};
  ARel={ {0.8997255033, 1.972152263e-30, 0.4364562048}, {-0.4364562048, -6.007424627e-15, 0.8997255033}, {2.621977753e-15, -1, -5.405033146e-15} }*RotMat(pi,z);
  AnyDrawRefFrame drw_node =
  {
    RGB = {0.7921568627, 0.8196078431, 0.9333333333};
    Opacity = 1;
    ScaleXYZ = {0.04564595144, 0.04564595144, 0.04564595144};
    Visible = Off;
  };
};
AnyRefNode ConPlane13 =
{
  sRel={-0.6034460647, 0.184071549, 0.2045873398};
  ARel={ {-2.627639685e-15, -0.5304785765, 0.8476983425}, {-1.644342675e-15, 0.8476983425, 0.5304785765}, {-1, 3.944304526e-31, -3.099734367e-15} }*RotMat(pi/2,z);
  AnyDrawRefFrame drw_node =
  {
    RGB = {0.7921568627, 0.8196078431, 0.9333333333};
    Opacity = 1;
    ScaleXYZ = {0.04564595144, 0.04564595144, 0.04564595144};
    Visible = Off;
  };
};
AnyRefNode ConPlane14 =
{
  sRel={-0.6141752444, 0.2080837107, 0.2045873398};
  ARel={ {-1.597474912e-15, -0.2852362189, 0.9584572497}, {-4.754074359e-16, 0.9584572497, 0.2852362189}, {-1, -9.860761315e-32, -1.66671483e-15} }*RotMat(pi/2,z);
  AnyDrawRefFrame drw_node =
  {
    RGB = {0.7921568627, 0.8196078431, 0.9333333333};
    Opacity = 1;
    ScaleXYZ = {0.04564595144, 0.04564595144, 0.04564595144};
    Visible = Off;
  };
};
AnyRefNode ConPlane15 =
{
  sRel={-0.6185910563, 0.2337296, 0.2045873398};
  ARel={ {-3.177441256e-16, -0.054458523, 0.9985160336}, {-1.732959231e-17, 0.9985160336, 0.054458523}, {-1, 6.162975822e-33, -3.18216348e-16} }*RotMat(pi/2,z);
  AnyDrawRefFrame drw_node =
  {
    RGB = {0.7921568627, 0.8196078431, 0.9333333333};
    Opacity = 1;
    ScaleXYZ = {0.04564595144, 0.04564595144, 0.04564595144};
    Visible = Off;
  };
};
AnyRefNode ConPlane16 =
{
  sRel={-0.6170444376, 0.2595795807, 0.2045873398};
  ARel={ {9.935528532e-16, 0.172624952, 0.9849876273}, {-1.741260589e-16, 0.9849876273, -0.172624952}, {-1, 2.465190329e-32, 1.00869577e-15} }*RotMat(pi/2,z);
  AnyDrawRefFrame drw_node =
  {
    RGB = {0.7921568627, 0.8196078431, 0.9333333333};
    Opacity = 1;
    ScaleXYZ = {0.04564595144, 0.04564595144, 0.04564595144};
    Visible = Off;
  };
};
AnyRefNode ConPlane17 =
{
  sRel={-0.6096874915, 0.2845438126, 0.2045873398};
  ARel={ {2.093671109e-15, 0.3889242537, 0.9212697351}, {-8.838665189e-16, 0.9212697351, -0.3889242537}, {-1, 0, 2.272592954e-15} }*RotMat(pi/2,z);
  AnyDrawRefFrame drw_node =
  {
    RGB = {0.7921568627, 0.8196078431, 0.9333333333};
    Opacity = 1;
    ScaleXYZ = {0.04564595144, 0.04564595144, 0.04564595144};
    Visible = Off;
  };
};
AnyRefNode ConPlane18 =
{
  sRel={-0.4281010246, 0.225204801, -1.384541944e-15};
  ARel={ {-2.533141063e-15, 0.4655658751, -0.8850132293}, {1.332572211e-15, 0.8850132293, 0.4655658751}, {1, 0, -2.8622635e-15} }*RotMat(-pi/2,z);
  AnyDrawRefFrame drw_node =
  {
    RGB = {0.7921568627, 0.8196078431, 0.9333333333};
    Opacity = 1;
    ScaleXYZ = {0.04564595144, 0.04564595144, 0.04564595144};
    Visible = Off;
  };
};
AnyRefNode ConPlane19 =
{
  sRel={-0.4408085362, 0.194058646, -7.762345839e-16};
  ARel={ {-1.475059138e-15, 0.4029175838, -0.9152362649}, {6.493703174e-16, 0.9152362649, 0.4029175838}, {1, 9.860761315e-32, -1.611670335e-15} }*RotMat(-pi/2,z);
  AnyDrawRefFrame drw_node =
  {
    RGB = {0.7921568627, 0.8196078431, 0.9333333333};
    Opacity = 1;
    ScaleXYZ = {0.04564595144, 0.04564595144, 0.04564595144};
    Visible = Off;
  };
};